nav.brand_icon [40.70000076293945, 20.700000762939453, 53.29999923706055, 36.29999923706055]
nav.brand_text [65.19999694824219, 23.0, 115.5, 35.79999923706055]
nav.tab_underline [214.8000030517578, 36.900001525878906, 271.29998779296875, 38.29999923706055]
nav.tab_home [220.10000610351562, 21.0, 265.0, 28.5]
nav.tab_world [289.79998779296875, 21.200000762939453, 315.1000061035156, 30.299999237060547]
nav.tab_friends [340.8999938964844, 21.200000762939453, 370.70001220703125, 28.5]
nav.tab_top [395.79998779296875, 21.100000381469727, 424.79998779296875, 30.100000381469727]
nav.tab_settings [449.5, 21.100000381469727, 492.79998779296875, 28.399999618530273]
nav.lang_globe [545.9000244140625, 18.799999237060547, 560.0999755859375, 34.0]
nav.lang_text [567.7000122070312, 22.200000762939453, 578.9000244140625, 29.700000762939453]
nav.lang_chevron [584.4000244140625, 25.0, 590.0, 28.0]
nav.bell [609.7999877929688, 18.100000381469727, 623.0999755859375, 34.0]
nav.profile_name [670.0, 23.100000381469727, 712.7000122070312, 30.799999237060547]
nav.profile_chevron [720.0, 24.399999618530273, 727.0, 28.399999618530273]
home.wordmark_spaced [64.5, 61.0, 183.6999969482422, 77.80000305175781]
header.title [41.400001525878906, 84.4000015258789, 192.0, 116.9000015258789]
header.title_x [117.0, 90.30000305175781, 140.0, 110.0999984741211]
header.subtitle [41.599998474121094, 131.1999969482422, 180.3000030517578, 144.0]
home.kirish_icon [56.0, 177.0, 69.9000015258789, 193.3000030517578]
home.kirish_label [86.0, 180.10000610351562, 117.5, 190.10000610351562]
home.kirish_arrow [200.89999389648438, 179.8000030517578, 212.89999389648438, 190.89999389648438]
home.tagline_line1 [614.7999877929688, 83.80000305175781, 718.7000122070312, 94.69999694824219]
home.tagline_line2 [615.0, 100.0999984741211, 729.0, 111.9000015258789]
home.tagline_line [615.2000122070312, 125.69999694824219, 661.0, 132.0]
home.tagline_track [656.0, 126.0, 697.0999755859375, 131.39999389648438]
home.event_label [639.0, 221.1999969482422, 690.9000244140625, 229.89999389648438]
home.event_title [638.9000244140625, 240.8000030517578, 699.2999877929688, 248.0]
home.event_time [639.0, 257.3999938964844, 660.5999755859375, 264.1000061035156]
home.card_0_title [84.69999694824219, 367.0, 109.19999694824219, 375.79998779296875]
home.card_0_subtitle [84.4000015258789, 381.0, 128.6999969482422, 388.6000061035156]
home.card_1_title [219.0, 367.20001220703125, 261.8999938964844, 376.1000061035156]
home.card_1_subtitle [219.0, 381.70001220703125, 275.8999938964844, 387.8999938964844]
home.card_2_icon [320.0, 362.29998779296875, 344.70001220703125, 387.79998779296875]
home.card_2_title [360.6000061035156, 367.29998779296875, 426.0, 375.8999938964844]
home.card_2_subtitle [360.5, 381.79998779296875, 421.79998779296875, 389.29998779296875]
home.card_3_icon [467.8999938964844, 362.3999938964844, 491.79998779296875, 387.29998779296875]
home.card_3_title [507.5, 367.70001220703125, 565.9000244140625, 374.8999938964844]
home.card_3_subtitle [507.29998779296875, 382.1000061035156, 561.2000122070312, 388.20001220703125]
home.card_4_icon [612.0999755859375, 364.70001220703125, 638.2000122070312, 385.20001220703125]
home.card_4_title [653.5999755859375, 367.8999938964844, 722.4000244140625, 376.8999938964844]
home.card_4_subtitle [653.2000122070312, 382.1000061035156, 710.7999877929688, 389.8999938964844]
